1449.246380565796 1043.584698135254 0.0 920.6081852465278 738.0902636542701 0.0
920.6081852465278 738.0902636542701 0.0 3922.42306319011 738.0902636542701 0.0
3922.42306319011 738.0902636542701 0.0 3638.180415455629 1035.615278105315 0.0
1749.427868360154 1330.483819213048 0.0 1449.246380565796 1043.584698135254 0.0
1449.246380565796 1043.584698135254 0.0 1961.945735825186 945.2951844326767 0.0
1961.945735825186 945.2951844326767 0.0 2865.146672551574 993.111704612309 0.0
2865.146672551574 993.111704612309 0.0 3638.180415455629 1035.615278105315 0.0
3638.180415455629 1035.615278105315 0.0 3263.61767404851 1301.262612436606 0.0
3019.222126463722 1529.719319961516 0.0 3263.61767404851 1301.262612436606 0.0
3263.61767404851 1301.262612436606 0.0 3061.725699956729 1269.384932316851 0.0
3061.725699956729 1269.384932316851 0.0 2464.019197711325 1210.942518763967 0.0
2464.019197711325 1210.942518763967 0.0 1863.656222122609 1195.00367870409 0.0
1863.656222122609 1195.00367870409 0.0 1749.427868360154 1330.483819213048 0.0
1749.427868360154 1330.483819213048 0.0 1943.350422421996 1564.253473424583 0.0
3019.222126463722 1529.719319961516 0.0 2719.040638669364 1705.046560620167 0.0
2719.040638669364 1705.046560620167 0.0 2384.324997411938 1710.359507306793 0.0
2384.324997411938 1710.359507306793 0.0 1943.350422421996 1564.253473424583 0.0
1943.350422421996 1564.253473424583 0.0 1996.479889288254 1428.773332915625 0.0
1996.479889288254 1428.773332915625 0.0 2671.224118489732 1439.399226288877 0.0
2671.224118489732 1439.399226288877 0.0 3019.222126463722 1529.719319961516 0.0
